0.000000 1.000000
1.000000 0.550632
2.000000 0.412274
3.000000 0.333394
4.000000 0.291516
5.000000 0.266697
6.000000 0.241245
7.000000 0.229693
8.000000 0.222653
9.000000 0.215072
10.000000 0.208123
11.000000 0.198646
12.000000 0.196661
13.000000 0.189531
14.000000 0.190343
15.000000 0.186462
16.000000 0.186823
17.000000 0.180957
18.000000 0.176895
19.000000 0.173556
20.000000 0.172653
21.000000 0.163809
22.000000 0.159747
23.000000 0.157310
24.000000 0.149007
25.000000 0.147924
26.000000 0.145397
27.000000 0.143321
28.000000 0.144314
29.000000 0.145668
30.000000 0.144946
31.000000 0.144765
32.000000 0.139079
33.000000 0.139621
34.000000 0.138177
35.000000 0.138357
36.000000 0.135379
37.000000 0.133032
38.000000 0.137274
39.000000 0.136643
40.000000 0.132401
41.000000 0.127617
42.000000 0.126895
43.000000 0.128881
44.000000 0.130866
45.000000 0.127347
46.000000 0.126083
47.000000 0.123014
48.000000 0.119134
49.000000 0.116697
50.000000 0.117960
51.000000 0.117238
52.000000 0.116245
53.000000 0.111643
54.000000 0.106227
55.000000 0.108484
56.000000 0.104332
57.000000 0.098014
58.000000 0.095036
59.000000 0.096931
60.000000 0.098285
61.000000 0.101264
62.000000 0.101264
63.000000 0.100451
64.000000 0.096390
65.000000 0.097834
66.000000 0.100451
67.000000 0.100632
68.000000 0.100361
69.000000 0.098195
70.000000 0.094765
71.000000 0.096209
72.000000 0.093773
73.000000 0.092058
74.000000 0.092148
75.000000 0.089982
76.000000 0.090614
77.000000 0.088448
78.000000 0.091606
79.000000 0.089350
80.000000 0.087996
81.000000 0.086372
82.000000 0.083935
83.000000 0.084206
84.000000 0.084657
85.000000 0.085018
86.000000 0.083755
87.000000 0.080415
88.000000 0.077798
89.000000 0.075090
90.000000 0.075542
91.000000 0.076173
92.000000 0.073014
93.000000 0.073556
94.000000 0.072924
95.000000 0.073466
96.000000 0.070126
97.000000 0.072744
98.000000 0.071751
99.000000 0.068321
100.000000 0.067058
101.000000 0.066968
102.000000 0.067599
103.000000 0.066516
104.000000 0.064711
105.000000 0.067238
106.000000 0.064531
107.000000 0.062365
108.000000 0.058574
109.000000 0.057671
110.000000 0.056679
111.000000 0.055325
112.000000 0.054874
113.000000 0.056859
114.000000 0.057581
115.000000 0.055415
116.000000 0.055235
117.000000 0.052256
118.000000 0.052256
119.000000 0.049819
120.000000 0.047292
121.000000 0.048917
122.000000 0.045397
123.000000 0.043953
124.000000 0.041245
125.000000 0.039711
126.000000 0.041155
127.000000 0.041787
128.000000 0.040253
129.000000 0.041426
130.000000 0.041968
131.000000 0.041155
132.000000 0.040523
133.000000 0.041877
134.000000 0.044585
135.000000 0.042148
136.000000 0.039801
137.000000 0.038538
138.000000 0.038087
139.000000 0.040162
140.000000 0.040794
141.000000 0.041065
142.000000 0.038718
143.000000 0.040523
144.000000 0.042329
145.000000 0.043412
146.000000 0.044224
147.000000 0.044224
148.000000 0.041697
149.000000 0.038628
150.000000 0.038628
151.000000 0.038809
152.000000 0.035921
153.000000 0.036372
154.000000 0.035921
155.000000 0.034116
156.000000 0.034747
157.000000 0.035650
158.000000 0.035018
159.000000 0.033394
160.000000 0.032671
161.000000 0.031588
162.000000 0.030325
163.000000 0.029061
164.000000 0.028430
165.000000 0.029422
166.000000 0.029513
167.000000 0.026264
168.000000 0.028249
169.000000 0.025903
170.000000 0.025181
171.000000 0.025993
172.000000 0.024910
173.000000 0.023285
174.000000 0.022744
175.000000 0.022022
176.000000 0.022563
177.000000 0.023014
178.000000 0.026083
179.000000 0.024819
180.000000 0.025632
181.000000 0.025542
182.000000 0.022653
183.000000 0.021751
184.000000 0.021300
185.000000 0.018863
186.000000 0.021570
187.000000 0.020939
188.000000 0.021300
189.000000 0.020126
190.000000 0.020126
191.000000 0.018502
192.000000 0.020487
193.000000 0.017870
194.000000 0.017329
195.000000 0.017419
196.000000 0.016606
197.000000 0.017148
198.000000 0.017238
199.000000 0.015975
200.000000 0.015975
201.000000 0.014801
202.000000 0.015523
203.000000 0.014079
204.000000 0.013538
205.000000 0.013357
206.000000 0.012455
207.000000 0.014170
208.000000 0.012996
209.000000 0.012365
210.000000 0.012996
211.000000 0.012906
212.000000 0.013087
213.000000 0.012726
214.000000 0.012365
215.000000 0.011733
216.000000 0.010830
217.000000 0.012094
218.000000 0.011823
219.000000 0.012004
220.000000 0.011372
221.000000 0.010469
222.000000 0.008755
223.000000 0.009657
224.000000 0.010469
225.000000 0.009928
226.000000 0.011462
227.000000 0.009386
228.000000 0.008845
229.000000 0.008755
230.000000 0.008845
231.000000 0.009477
232.000000 0.007491
233.000000 0.008032
234.000000 0.007852
235.000000 0.006137
236.000000 0.008123
237.000000 0.006588
238.000000 0.007220
239.000000 0.006318
240.000000 0.006137
241.000000 0.006679
242.000000 0.006949
243.000000 0.006227
244.000000 0.006137
245.000000 0.005596
246.000000 0.005144
247.000000 0.005686
248.000000 0.004874
249.000000 0.005505
250.000000 0.004964
251.000000 0.003791
252.000000 0.004242
253.000000 0.005505
254.000000 0.004783
255.000000 0.002888
256.000000 0.004242
257.000000 0.004152
258.000000 0.003430
259.000000 0.003249
260.000000 0.002888
261.000000 0.002256
262.000000 0.003520
263.000000 0.003069
264.000000 0.002617
265.000000 0.002256
266.000000 0.001715
267.000000 0.001264
268.000000 0.001083
269.000000 0.001986
270.000000 0.001895
271.000000 0.001715
272.000000 0.001173
273.000000 0.001083
274.000000 0.001264
275.000000 0.001534
276.000000 0.001534
277.000000 0.001354
278.000000 0.001173
279.000000 0.001264
280.000000 0.001444
281.000000 0.000903
282.000000 0.000812
283.000000 0.000903
284.000000 0.000542
285.000000 0.000361
286.000000 0.000542
287.000000 0.000181
288.000000 0.000181
289.000000 0.000181
290.000000 0.000090
291.000000 0.000090
292.000000 0.000361
293.000000 0.000271
294.000000 0.000542
295.000000 0.000451
296.000000 0.000181
297.000000 0.000090
298.000000 0.000090
299.000000 0.000090
