0.000000000000000000e+00	0.000000000000000000e+00
3.820000000000050022e-01	2.830322739000786045e-03
5.609999999999999432e-01	7.387024908014483762e-03
7.700000000000031264e-01	1.109815347865455298e-02
9.699999999999988631e-01	1.161489289988287821e-02
1.213000000000000966e+00	2.426326464222248666e-02
1.573000000000000398e+00	2.542592833998634158e-02
1.780000000000001137e+00	2.702312291469221445e-02
1.999000000000002331e+00	3.264853615942821252e-02
2.190000000000004832e+00	3.411654587882696071e-02
2.408000000000001251e+00	3.872022435886139646e-02
2.797000000000004150e+00	4.043485971111914629e-02
2.987000000000001876e+00	4.434563760359739454e-02
3.194000000000002615e+00	4.952477589363621369e-02
3.392000000000003013e+00	5.071092774691039751e-02
3.621000000000002217e+00	5.343555378611446888e-02
3.810999999999999943e+00	5.600750681450109014e-02
4.008000000000002672e+00	6.009444587330720067e-02
4.213000000000000966e+00	6.401696784354068970e-02
4.410000000000003695e+00	6.783379311397740030e-02
4.612000000000001876e+00	6.684729058254147704e-02
4.813000000000002387e+00	7.442222073463898580e-02
5.011000000000002785e+00	7.881450581508007980e-02
5.216000000000001080e+00	7.819206969405503860e-02
5.422000000000004150e+00	8.270179555204799915e-02
5.617000000000004434e+00	8.581397615717335781e-02
5.817000000000000171e+00	8.515630780288266366e-02
6.020000000000003126e+00	9.013579677108321531e-02
6.219999999999998863e+00	9.401134243029589388e-02
6.422000000000004150e+00	9.657155138092736457e-02
6.626000000000004775e+00	9.783991177848784526e-02
6.839000000000005741e+00	1.023026613254600786e-01
7.045999999999999375e+00	1.041934578440456838e-01
7.233000000000004093e+00	1.082216765140758125e-01
7.434000000000004604e+00	1.105117716763378555e-01
7.637000000000000455e+00	1.119445491624710409e-01
7.841999999999998749e+00	1.172058959967961639e-01
8.111000000000004206e+00	1.179105406621075852e-01
8.444000000000002615e+00	1.268242956782968112e-01
8.650000000000005684e+00	1.223263138980590081e-01
8.850000000000001421e+00	1.236533946843954707e-01
9.050000000000004263e+00	1.295371776397457042e-01
9.258000000000002672e+00	1.325084293118087841e-01
9.508000000000002672e+00	1.357263066167308518e-01
9.913000000000003809e+00	1.450628484321068445e-01
1.026600000000000534e+01	1.444286682333266458e-01
1.046699999999999875e+01	1.506295412880669371e-01
1.066700000000000159e+01	1.498544321562243764e-01
1.086800000000000210e+01	1.520623187742001226e-01
1.107000000000000028e+01	1.571709925977077260e-01
1.128900000000000148e+01	1.600835238809948935e-01
1.147500000000000142e+01	1.621974578769291020e-01
1.167600000000000193e+01	1.629255906977508384e-01
1.188000000000000256e+01	1.709233076490352943e-01
1.208200000000000074e+01	1.705474971608691714e-01
1.228200000000000358e+01	1.720272509580230702e-01
1.249600000000000222e+01	1.778053372135765253e-01
1.268599999999999994e+01	1.837948168687234818e-01
1.288800000000000523e+01	1.823972716158558660e-01
1.309199999999999875e+01	1.857913100871058099e-01
1.329400000000000404e+01	1.892205807916212956e-01
1.349600000000000222e+01	1.901013866232605931e-01
1.369500000000000028e+01	1.943527427706392974e-01
1.390000000000000568e+01	1.964314445333078529e-01
1.410000000000000142e+01	1.996728099937404022e-01
1.430199999999999960e+01	2.014109335015084878e-01
1.450500000000000256e+01	2.059676356705222589e-01
1.472100000000000364e+01	2.120628120254657856e-01
1.490800000000000125e+01	2.093146978307513784e-01
1.510900000000000176e+01	2.113229351268887668e-01
1.531600000000000250e+01	2.164668411836620232e-01
1.551600000000000534e+01	2.206242447089992731e-01
1.571699999999999875e+01	2.230905010375892616e-01
1.591900000000000404e+01	2.253453639665856656e-01
1.612000000000000455e+01	2.294205589476366880e-01
1.632200000000000273e+01	2.306067108009108857e-01
1.652900000000000347e+01	2.363965411342194844e-01
1.672700000000000387e+01	2.391094230956683220e-01
1.692900000000000205e+01	2.357271287021736328e-01
1.713100000000000023e+01	2.468722584918489060e-01
1.733400000000000318e+01	2.500901357967709737e-01
1.753500000000000369e+01	2.509357093951447015e-01
1.774699999999999989e+01	2.537307999008799331e-01
1.795000000000000284e+01	2.588747059576531617e-01
1.815500000000000114e+01	2.583227343031592738e-01
1.834600000000000364e+01	2.618811898629818113e-01
1.854500000000000171e+01	2.666375413538337735e-01
1.874699999999999989e+01	2.712059876006026049e-01
1.894800000000000040e+01	2.751285095708361217e-01
1.915000000000000568e+01	2.760210594802304795e-01
1.935500000000000398e+01	2.839365678872286525e-01
1.955799999999999983e+01	2.821044917574189181e-01
1.975700000000000500e+01	2.872718859697026561e-01
1.996500000000000341e+01	2.911826638621808905e-01
2.016100000000000136e+01	2.905954599744212663e-01
2.036700000000000443e+01	2.985462006146850089e-01
2.056800000000000495e+01	2.977476033273320777e-01
2.080300000000000438e+01	3.075421641751605595e-01
2.117300000000000182e+01	3.125099090656058287e-01
2.142500000000000426e+01	3.181588104658523153e-01
2.177799999999999869e+01	3.224219106909862465e-01
2.199800000000000466e+01	3.256045557626427445e-01
2.218299999999999983e+01	3.293274284110379035e-01
2.238400000000000034e+01	3.316879880398311831e-01
2.258600000000000563e+01	3.334848319363751812e-01
2.278699999999999903e+01	3.374308420621189852e-01
2.299000000000000199e+01	3.456986728017728550e-01
2.319600000000000506e+01	3.455342557132002335e-01
2.339700000000000557e+01	3.475424930093376497e-01
2.360800000000000409e+01	3.554462573385805402e-01
2.379800000000000182e+01	3.591338977537102406e-01
2.400100000000000477e+01	3.585349497881955561e-01
2.420400000000000063e+01	3.599207509633078894e-01
2.441400000000000148e+01	3.647005906096701944e-01
2.460999999999999943e+01	3.706078617205307846e-01
2.480700000000000216e+01	3.746008481572954407e-01
2.501000000000000512e+01	3.788404602269190291e-01
2.521699999999999875e+01	3.770788485636404896e-01
2.542900000000000205e+01	3.798739390693757212e-01
2.561700000000000443e+01	3.852292385257423679e-01
2.581800000000000495e+01	3.927571923668192189e-01
2.602000000000000313e+01	3.927102160557984223e-01
2.622200000000000131e+01	3.979480747346131331e-01
2.642200000000000415e+01	4.002616580523856160e-01
2.662700000000000244e+01	4.081889105371387938e-01
2.683000000000000540e+01	4.080010052930557185e-01
2.702799999999999869e+01	4.100679629779691582e-01
2.723199999999999932e+01	4.136968830043228351e-01
2.743900000000000006e+01	4.229981925864333414e-01
2.764400000000000546e+01	4.275548947554471124e-01
2.784700000000000131e+01	4.231391215194956201e-01
2.804700000000000415e+01	4.295044116628086162e-01
2.824099999999999966e+01	4.321820613909920783e-01
2.844399999999999551e+01	4.358579577283663853e-01
2.864600000000000790e+01	4.388761857114502618e-01
2.886699999999999733e+01	4.384533989122634257e-01
2.906099999999999994e+01	4.461340257641576157e-01
2.925600000000000733e+01	4.535562829054377576e-01
2.945899999999999608e+01	4.519590883307320062e-01
2.965899999999999892e+01	4.583361225518000626e-01
2.986500000000000199e+01	4.604148243144687846e-01
3.008399999999999608e+01	4.644782752177645802e-01
3.026299999999999812e+01	4.707965890500567241e-01
3.046400000000000574e+01	4.722645987694554792e-01
3.066300000000000381e+01	4.713485607045506121e-01
3.086999999999999744e+01	4.787590737680755271e-01
3.107300000000000040e+01	4.819534629174872520e-01
3.127199999999999847e+01	4.890703740371323271e-01
3.167600000000000904e+01	4.910081468667387705e-01
3.188199999999999790e+01	4.974791337098483091e-01
3.208099999999999596e+01	5.018361865570238889e-01
3.228200000000000358e+01	5.087182161215652032e-01
3.290500000000000824e+01	5.129460841134336757e-01
3.309100000000000108e+01	5.152126911201853066e-01
3.349400000000000688e+01	5.271211859639478581e-01
3.389999999999999858e+01	5.331458978523604397e-01
3.410199999999999676e+01	5.288005890829400313e-01
3.430700000000000927e+01	5.349544858266596092e-01
3.450900000000000745e+01	5.403215293607815939e-01
3.470899999999999608e+01	5.461231037718453640e-01
3.491100000000000847e+01	5.480373884459412981e-01
3.531400000000000006e+01	5.516193321612742340e-01
3.551599999999999824e+01	5.586775228921435632e-01
3.572099999999999653e+01	5.626352770956424276e-01
3.592000000000000881e+01	5.627879501064599888e-01
3.612100000000000222e+01	5.740035443626664291e-01
3.652600000000000335e+01	5.820012613139508018e-01
3.713400000000000745e+01	5.823888158798720127e-01
3.733800000000000097e+01	5.865697075607197997e-01
3.753699999999999903e+01	5.937923153801616394e-01
3.773700000000000188e+01	5.997465628020429707e-01
3.793900000000000006e+01	5.998405154240844528e-01
3.814200000000000301e+01	6.031640894288032850e-01
3.834800000000000608e+01	6.044911702151396504e-01
3.854599999999999937e+01	6.112792471576395936e-01
3.875000000000000711e+01	6.128059772658142057e-01
3.895100000000000051e+01	6.247027280318216969e-01
3.915100000000000335e+01	6.214143862603684898e-01
3.935700000000000642e+01	6.247966806538631790e-01
3.956800000000000495e+01	6.299640748661468059e-01
3.976599999999999824e+01	6.333111370263758699e-01
3.996400000000000574e+01	6.366464551088498736e-01
4.016199999999999903e+01	6.390539910486638941e-01
4.036800000000000210e+01	6.422366361203203367e-01
4.059200000000000585e+01	6.491891301513927903e-01
4.079100000000000392e+01	6.561651123379755868e-01
4.099300000000000210e+01	6.588662502216693362e-01
4.117399999999999949e+01	6.623659853927159613e-01
4.137500000000000711e+01	6.668287349396880836e-01
4.157900000000000063e+01	6.715850864305400458e-01
4.177900000000000347e+01	6.695885932121578010e-01
4.201500000000000767e+01	6.774218930748695522e-01
4.239000000000000767e+01	6.849733350714567459e-01
4.258900000000000574e+01	6.852434488598260209e-01
4.278800000000000381e+01	6.893186438408770433e-01
4.299000000000000199e+01	6.892481793743459040e-01
4.319399999999999551e+01	6.901877055947610584e-01
4.339800000000000324e+01	7.013563235399467022e-01
4.364800000000000324e+01	7.035407220024121333e-01
4.403399999999999892e+01	7.078742866940772593e-01
4.441400000000000858e+01	7.138050459604481368e-01
4.464099999999999824e+01	7.169054824878183796e-01
4.481800000000000495e+01	7.197358052268192363e-01
4.502799999999999869e+01	7.273929439232030836e-01
4.521700000000000585e+01	7.285203753877012023e-01
4.541600000000000392e+01	7.317617408481337238e-01
4.561999999999999744e+01	7.382209836134882019e-01
4.582100000000000506e+01	7.409925859637129797e-01
4.602199999999999847e+01	7.488728621374455274e-01
4.622300000000000608e+01	7.498006442801055105e-01
4.642399999999999949e+01	7.556961713132109848e-01
4.663400000000000745e+01	7.537701425613596573e-01
4.683000000000000540e+01	7.594895084281371167e-01
4.703099999999999881e+01	7.614977457242748660e-01
4.723599999999999710e+01	7.667708366363550354e-01
4.743799999999999528e+01	7.734414728013030427e-01
4.764099999999999824e+01	7.769412079723496678e-01
4.783900000000000574e+01	7.766476060284699390e-01
4.803999999999999915e+01	7.804761753766618071e-01
4.824700000000000699e+01	7.795718813895121668e-01
4.846300000000000097e+01	7.901415513691831816e-01
4.864699999999999847e+01	7.893899303928511024e-01
4.885000000000000142e+01	7.911397979783744150e-01
4.905199999999999960e+01	8.018034205800868008e-01
4.925399999999999778e+01	7.983036854090401757e-01
4.945800000000000551e+01	8.052092031290918328e-01
4.966300000000000381e+01	8.034945677768342565e-01
4.985900000000000176e+01	8.146984179552856364e-01
5.006099999999999994e+01	8.075345305246195426e-01
5.026599999999999824e+01	8.176226933163278643e-01
5.047600000000000620e+01	8.203120871222662203e-01
5.066799999999999926e+01	8.217331205306442898e-01
5.087100000000000222e+01	8.211106844096192070e-01
5.107100000000000506e+01	8.258670359004711692e-01
5.127400000000000801e+01	8.258670359004711692e-01
5.147600000000000620e+01	8.311636149680617924e-01
5.168100000000000449e+01	8.400069055177200594e-01
5.190100000000000335e+01	8.416393323256912140e-01
5.208800000000000097e+01	8.361313598585071727e-01
5.228500000000000369e+01	8.515278457955614000e-01
5.248599999999999710e+01	8.520445852167894962e-01
5.269600000000000506e+01	8.510933149186192814e-01
5.289200000000000301e+01	8.550628131998734283e-01
5.309400000000000119e+01	8.572002353513181738e-01
5.329800000000000892e+01	8.571180268070318631e-01
5.350300000000000722e+01	8.653506253134198856e-01
5.370400000000000063e+01	8.645637721038220702e-01
5.392999999999999972e+01	8.687446637846697461e-01
5.410600000000000165e+01	8.705415076812139663e-01
5.430999999999999517e+01	8.728550909989865048e-01
5.451200000000000756e+01	8.810642013498640734e-01
5.472000000000000597e+01	8.789502673539297817e-01
5.491100000000000847e+01	8.852333489529568000e-01
5.511200000000000188e+01	8.842233582660102842e-01
5.531400000000000006e+01	8.873472829488906477e-01
5.551700000000000301e+01	8.904829517095267377e-01
5.572300000000000608e+01	8.906943451091198227e-01
5.592200000000000415e+01	8.929139758048509901e-01
5.612400000000000233e+01	8.971066115634538374e-01
5.632900000000000063e+01	9.022035413092062139e-01
5.652700000000000813e+01	9.033309727737045547e-01
5.673299999999999699e+01	9.063257126012779219e-01
5.693499999999999517e+01	9.099546326276315433e-01
5.713300000000000267e+01	9.115635712800925772e-01
5.734100000000000108e+01	9.111760167141714772e-01
5.753999999999999915e+01	9.085688314525192100e-01
5.773800000000000665e+01	9.198783783307671325e-01
5.794200000000000017e+01	9.130433250772466147e-01
5.814300000000000779e+01	9.131020454660224717e-01
5.834500000000000597e+01	9.211467387283276409e-01
5.854700000000000415e+01	9.237539239899799082e-01
5.875000000000000711e+01	9.198548901752565676e-01
5.895500000000000540e+01	9.264785500291836673e-01
5.915200000000000813e+01	9.278643512042964447e-01
5.935900000000000176e+01	9.264668059514288290e-01
5.955700000000000927e+01	9.301779345220685391e-01
5.975999999999999801e+01	9.293793372347157744e-01
5.996000000000000085e+01	9.344762669804682620e-01
6.016700000000000870e+01	9.333958118269906068e-01
6.036600000000000676e+01	9.344762669804682620e-01
6.056899999999999551e+01	9.386571586613158269e-01
6.077000000000000313e+01	9.394675000264240960e-01
6.097999999999999687e+01	9.443530363725831656e-01
6.137700000000000244e+01	9.462086006579030206e-01
6.157799999999999585e+01	9.449167521048322804e-01
6.178099999999999881e+01	9.462673210466788776e-01
6.198299999999999699e+01	9.464787144462722956e-01
6.218400000000000460e+01	9.491328760189452485e-01
6.244999999999999574e+01	9.504482127275264425e-01
6.278999999999999915e+01	9.524329618681537379e-01
6.299499999999999744e+01	9.538070189655107889e-01
6.319500000000000028e+01	9.595381289100435307e-01
6.340800000000000836e+01	9.610766030959734252e-01
6.359899999999999665e+01	9.593267355104501126e-01
6.380199999999999960e+01	9.612997405733221257e-01
6.400200000000000955e+01	9.627207739817001952e-01
6.420400000000000773e+01	9.606773044522970428e-01
6.440800000000001546e+01	9.643532007896716829e-01
6.461600000000001387e+01	9.708006994772707676e-01
6.481000000000000227e+01	9.651987743880451331e-01
6.501699999999999591e+01	9.649051724441656264e-01
6.521899999999999409e+01	9.652574947768213232e-01
6.541599999999999682e+01	9.690743200472579089e-01
6.562000000000000455e+01	9.656802815760081593e-01
6.582300000000000750e+01	9.699786140344075491e-01
6.607200000000000273e+01	9.748171740695459331e-01
6.642699999999999250e+01	9.717637138531965979e-01
6.663200000000000500e+01	9.729498657064707956e-01
6.683600000000001273e+01	9.780233072967127184e-01
6.703399999999999181e+01	9.758154206787371665e-01
6.723500000000001364e+01	9.770485488430319387e-01
6.764000000000001478e+01	9.758154206787371665e-01
6.784200000000001296e+01	9.759328614562889914e-01
6.804300000000000637e+01	9.762382074779240027e-01
6.824700000000001410e+01	9.829910521871580986e-01
6.844800000000000750e+01	9.817696681006181647e-01
6.865000000000000568e+01	9.815230424677593435e-01
6.885200000000000387e+01	9.812176964461243323e-01
6.905400000000000205e+01	9.797144544934601740e-01
6.925700000000000500e+01	9.854338203602376334e-01
6.945799999999999841e+01	9.841654599626770139e-01
6.965999999999999659e+01	9.873481050343336785e-01
6.991200000000000614e+01	9.845765026841086787e-01
7.026900000000000546e+01	9.809710708132655110e-01
7.046899999999999409e+01	9.887691384427115260e-01
7.067099999999999227e+01	9.881232141661763224e-01
7.087200000000001410e+01	9.947116417868375748e-01
7.107599999999999341e+01	9.856099815265653152e-01
7.127700000000001523e+01	9.846587112283951004e-01
7.147900000000001342e+01	9.901314514623137386e-01
7.168799999999998818e+01	9.940069971215261813e-01
7.188599999999999568e+01	9.876651951337236390e-01
7.208500000000000796e+01	9.884168161100557182e-01
7.228700000000000614e+01	9.893680864082263771e-01
7.248799999999999955e+01	9.869605504684122455e-01
7.269700000000000273e+01	9.905777264170106955e-01
7.289300000000000068e+01	9.865495077469806917e-01
7.309600000000000364e+01	9.875125221229061889e-01
7.330199999999999250e+01	9.916699256482436331e-01
7.350000000000000000e+01	9.872541524122920853e-01
7.370099999999999341e+01	9.887456502872012942e-01
7.390299999999999159e+01	9.926681722574348665e-01
7.415000000000000568e+01	9.910357454494632679e-01
7.451200000000000045e+01	9.892036693196535335e-01
7.471600000000000819e+01	9.881584463994417256e-01
7.491499999999999204e+01	9.911884184602808290e-01
7.511400000000000432e+01	9.914467881708949326e-01
7.531700000000000728e+01	9.957216324737840907e-01
7.552100000000001501e+01	1.000665889208719017e+00
7.572300000000001319e+01	9.939365326549950419e-01
7.592600000000001614e+01	9.953458219856179401e-01
7.612500000000000000e+01	9.932671202229493845e-01
7.632699999999999818e+01	9.932436320674389307e-01
7.653000000000000114e+01	9.976476612256350851e-01
7.673099999999999454e+01	9.919517835143681905e-01
7.693299999999999272e+01	9.922218973027374656e-01
7.718399999999999750e+01	9.956746561627631831e-01
7.753900000000001569e+01	9.934315373115221171e-01
7.774399999999999977e+01	9.950874522750038365e-01
7.794300000000001205e+01	9.925859637131484448e-01
7.814500000000001023e+01	9.909770250606874109e-01
7.834700000000000841e+01	9.933023524562147877e-01
7.855100000000001614e+01	9.996324103662623806e-01
7.875200000000000955e+01	9.924685229355962868e-01
7.895599999999998886e+01	1.000536704353411910e+00
7.915500000000000114e+01	1.000125661631980467e+00
7.935699999999999932e+01	1.000724609597494874e+00
7.955899999999999750e+01	9.979530072472702074e-01
7.975999999999999091e+01	9.995619458997312412e-01
7.996500000000000341e+01	9.979060309362495218e-01
8.016499999999999204e+01	1.000736353675250268e+00
8.036699999999999022e+01	9.948290825643897328e-01
8.056999999999999318e+01	9.947233858645928573e-01
8.077199999999999136e+01	1.000877282608312546e+00
8.097499999999999432e+01	1.001370533874030411e+00
8.117900000000000205e+01	9.991861354115649796e-01
8.137800000000001432e+01	9.963793008280745767e-01
8.158400000000000318e+01	9.938895563439743563e-01
8.178200000000001069e+01	9.983053295799259041e-01
8.198500000000001364e+01	9.979060309362495218e-01
8.218600000000000705e+01	1.000137405709735638e+00
8.238800000000000523e+01	9.984580025907434653e-01
8.259200000000001296e+01	9.979999835582908929e-01
8.279300000000000637e+01	9.989864860897268439e-01
8.299299999999999500e+01	1.002404012716487047e+00
8.319800000000000750e+01	1.004083415835479220e+00
8.339699999999999136e+01	9.978825427807390680e-01
8.360300000000000864e+01	1.001910761450769183e+00
8.380500000000000682e+01	9.980469598693118005e-01
8.400499999999999545e+01	1.003179121848329691e+00
8.420699999999999363e+01	1.004353529623848607e+00
8.441200000000000614e+01	1.002075178539341804e+00
8.461199999999999477e+01	1.001194372707702840e+00
8.481499999999999773e+01	1.005398752544060414e+00
8.501500000000001478e+01	1.002145643005873055e+00
8.521999999999999886e+01	1.002157387083628226e+00
8.542199999999999704e+01	9.988455571566645652e-01
8.561899999999999977e+01	9.984814907462535860e-01
8.582200000000000273e+01	1.002486221260773469e+00
8.602799999999999159e+01	9.986341637570711471e-01
8.622999999999998977e+01	9.959095377178670550e-01
8.643000000000000682e+01	9.984932348240088684e-01
8.663200000000000500e+01	9.917991105035506294e-01
8.683299999999999841e+01	1.004130392146500350e+00
8.703900000000001569e+01	1.005069918366915172e+00
8.723699999999999477e+01	1.000771585908516004e+00
8.743899999999999295e+01	1.002310060094445898e+00
8.764199999999999591e+01	1.005128638755691250e+00
8.789300000000000068e+01	1.001394022029540976e+00
8.826500000000001478e+01	1.001910761450769183e+00
8.846100000000001273e+01	9.959095377178670550e-01
8.865299999999999159e+01	9.975184763703280888e-01
8.885599999999999454e+01	1.001722856206686219e+00
8.905700000000001637e+01	1.003085169226288098e+00
8.927199999999999136e+01	1.004224344768541499e+00
8.946999999999999886e+01	9.969665047158341453e-01
8.966200000000000614e+01	1.000113917554225074e+00
8.987500000000000000e+01	9.972483625819588138e-01
9.007699999999999818e+01	1.000149149787490588e+00
9.026900000000000546e+01	9.961444192729709268e-01
9.046899999999999409e+01	9.958038410180705124e-01
9.068100000000001160e+01	1.002662382427101484e+00
9.087600000000000477e+01	1.000254846487287352e+00
9.109100000000000819e+01	9.981291684135978892e-01
9.127799999999999159e+01	9.993388084223825407e-01
9.147999999999998977e+01	9.990217183229925801e-01
9.168100000000001160e+01	1.000149149787490588e+00
9.217199999999999704e+01	1.000431007653615145e+00
9.249100000000001387e+01	9.990217183229925801e-01
9.269400000000001683e+01	1.002944240293226041e+00
9.289600000000001501e+01	1.003167377770574520e+00
9.313400000000001455e+01	9.994092728889136801e-01
9.352600000000001046e+01	9.950052437307174147e-01
9.372300000000001319e+01	1.004752828267525322e+00
9.411700000000001864e+01	1.005105150600180908e+00
9.431300000000001660e+01	9.962618600505227517e-01
9.451099999999999568e+01	1.005657122254674851e+00
9.471200000000001751e+01	9.996558985217728344e-01
9.492199999999999704e+01	9.990334624007475295e-01
9.511899999999999977e+01	1.001241349018723303e+00
9.532600000000002183e+01	1.002768079126898026e+00
9.552299999999999613e+01	1.001781576595462075e+00
9.576800000000000068e+01	9.995619458997312412e-01
9.612700000000000955e+01	1.000630656975453503e+00
9.632900000000000773e+01	1.000149149787490588e+00
9.653499999999999659e+01	9.967785994717512921e-01
9.673500000000001364e+01	1.002497965338528640e+00
9.693600000000000705e+01	9.942183905211195993e-01
9.713800000000000523e+01	1.001523206884848083e+00
9.734499999999999886e+01	1.004059927679969100e+00
9.754500000000001592e+01	9.977298697699215069e-01
9.774399999999999977e+01	1.001335301640765119e+00
9.794599999999999795e+01	9.968373198605271490e-01
9.815300000000002001e+01	9.991156709450338402e-01
9.835099999999999909e+01	1.000466239886880881e+00
9.855299999999999727e+01	1.001570183195868546e+00
9.875499999999999545e+01	9.983053295799259041e-01
9.895799999999999841e+01	9.964849975278714522e-01
9.916400000000001569e+01	1.000184382020756324e+00
9.936100000000001842e+01	9.992096235670755444e-01
9.956200000000001182e+01	1.003061681070777755e+00
9.976600000000001955e+01	9.973423152040004069e-01
9.996600000000000819e+01	1.004036439524458535e+00
1.001690000000000111e+02	9.987046282236022865e-01
1.003710000000000093e+02	9.916229493372226145e-01
1.005730000000000075e+02	9.973423152040004069e-01
1.007780000000000200e+02	9.958273291735806332e-01
1.009770000000000039e+02	1.000231358331777010e+00
1.011800000000000068e+02	9.948290825643897328e-01
1.013810000000000002e+02	9.982818414244154503e-01
1.015820000000000221e+02	1.001394022029540976e+00
1.017880000000000109e+02	9.993505525001378231e-01
1.019850000000000136e+02	9.965672060721578740e-01
1.021880000000000166e+02	9.976476612256350851e-01
1.023890000000000100e+02	1.003460979714454249e+00
1.025910000000000082e+02	9.984227703574777291e-01
1.027980000000000018e+02	9.993622965778929945e-01
1.029989999999999952e+02	9.993740406556482769e-01
1.032010000000000218e+02	1.003531444180985277e+00
1.034050000000000011e+02	9.962148837395020662e-01
1.036060000000000230e+02	1.002086922617097198e+00
1.038050000000000068e+02	1.002450989027508177e+00
1.040080000000000098e+02	1.000959491152598746e+00
1.042100000000000080e+02	9.966376705386890134e-01
1.044380000000000166e+02	9.994797373554448194e-01
1.048180000000000121e+02	9.950757081972485540e-01
1.050190000000000055e+02	9.985167229795193222e-01
1.052199999999999989e+02	9.931496794453975596e-01
1.054279999999999973e+02	1.001840296984237932e+00
1.056250000000000000e+02	9.979530072472702074e-01
1.058310000000000173e+02	9.969665047158341453e-01
1.060330000000000155e+02	9.961326751952157554e-01
1.062300000000000182e+02	9.995384577442206764e-01
